<?xml version="1.0"?>
<opencv_storage>
<contour_points type_id="opencv-matrix">
  <rows>9</rows>
  <cols>3</cols>
  <dt>d</dt>
  <data>
    145. 202. 1. 138. 322. 1. 159. 436. 1. 259. 496. 1. 379. 402. 1.
    380. 254. 1. 357. 193. 1. 287. 171. 1. 191. 183. 1.</data></contour_points>
</opencv_storage>
